4294967279,103
4294967279,106
4294967279,105
4294967279,104
4294967278,372
4294967279,561
4294967278,326
4294967278,371
4294967279,114
4294967279,113
4294967279,112
4294967279,111
4294967279,110
4294967279,109
4294967279,108
4294967279,107
4294967279,560
4294967278,325
4294967278,370
4294967278,6
4294967278,5
4294967278,4
4294967279,132
4294967279,131
4294967279,130
4294967279,129
4294967279,128
4294967279,127
4294967279,126
4294967279,125
4294967279,124
4294967279,123
4294967279,122
4294967279,121
4294967279,120
4294967279,119
4294967279,118
4294967279,117
4294967279,116
4294967279,115
4294967278,369
4294967278,324
4294967278,323
4294967279,559
4294967278,333
4294967278,40
4294967278,39
4294967278,37
4294967278,36
4294967278,35
4294967278,34
4294967278,303
4294967278,32
4294967278,31
4294967278,30
4294967278,29
4294967278,291
4294967278,28
4294967278,302
4294967278,27
4294967278,26
4294967278,137
4294967278,25
4294967278,290
4294967278,24
4294967278,23
4294967278,289
4294967278,22
4294967278,21
4294967278,20
4294967278,19
4294967278,18
4294967278,17
4294967278,16
4294967278,15
4294967278,14
4294967278,13
4294967278,12
4294967278,11
4294967278,10
4294967278,9
4294967278,8
4294967278,7
4294967278,332
4294967278,322
4294967278,183
4294967278,368
4294967279,558
4294967278,182
4294967278,181
4294967278,367
4294967278,180
4294967278,178
4294967278,175
43,6
4294967278,177
43,5
43,4
4294967278,176
43,3
43,2
43,1
4294967278,366
4294967278,365
4294967279,557
4294967278,315
4294967279,556
4294967278,364
4294967278,170
4294967279,555
4294967278,169
4294967278,313
4294967279,169
4294967278,168
4294967278,167
4294967279,167
4294967278,164
4294967278,166
4294967279,166
4294967278,165
4294967278,311
4294967279,165
4294967278,163
4294967279,163
4294967278,162
4294967279,162
4294967279,302
4294967278,161
4294967294,387
4294967294,386
4294967279,161
4294967278,160
4294967278,363
4294967278,38
4294967279,158
4294967279,157
4294967278,156
4294967294,917
4294967294,908
4294967294,898
4294967294,900
4294967279,155
4294967278,155
4294967278,306
4294967279,154
4294967278,154
4294967278,153
4294967279,152
4294967278,150
4294967278,152
40,5
4294967279,151
40,4
4294967278,151
40,3
40,2
40,1
4294967278,296
4294967279,150
4294967278,149
4294967279,148
4294967278,148
4294967279,147
4294967279,289
4294967278,147
4294967279,146
4294967278,146
4294967294,435
4294967294,972
4294967279,143
4294967278,33
4294967279,297
4294967279,515
38,5
4294967279,142
4294967279,141
38,4
38,3
38,2
38,1
4294967279,139
4294967279,138
4294967279,137
4294967294,392
4294967294,389
4294967294,388
4294967294,114
4294967294,115
4294967294,89
4294967279,287
4294967278,48
4294967278,47
4294967278,46
4294967278,45
4294967278,44
4294967278,43
4294967278,42
4294967278,41
4294967279,54
4294967279,53
4294967279,52
4294967279,51
4294967279,48
4294967279,47
4294967279,45
4294967279,43
4294967279,42
4294967279,40
4294967279,38
4294967279,36
4294967279,35
4294967279,32
4294967279,30
4294967279,28
4294967279,27
4294967279,25
4294967279,23
4294967279,21
4294967279,19
4294967279,16
4294967279,15
4294967279,13
4294967279,24
4294967279,286
4294967279,134
4294967279,133
4294967279,285
4294967279,271
4294967279,270
4294967279,283
4294967279,284
37,5
37,4
4294967279,279
37,3
37,2
37,1
4294967279,554
4294967279,17
4294967279,277
4294967279,265
4294967279,264
4294967279,263
4294967294,1419
4294967294,393
4294967279,12
4294967279,262
4294967279,292
4294967279,261
35,5
4294967279,258
35,4
4294967279,257
35,3
35,2
35,1
4294967279,274
0,7
4294967294,120
4294967279,256
4294967279,553
2,2
4294967278,362
4294967294,80
4294967279,281
4294967278,361
4294967278,258
4294967279,552
4294967278,360
4294967278,359
4294967278,358
4294967279,551
4294967279,550
4294967278,357
4294967278,356
4294967278,256
4294967279,549
4294967294,51
4294967294,46
4294967278,255
4294967278,355
4294967278,354
4294967279,548
4294967279,547
4294967279,0
4294967294,5
4294967294,902
4294967294,903
4294967294,185
4294967294,37
4294967294,423
4294967294,0
4294967294,1418
4294967294,426
4294967294,44
4294967294,40
4294967294,42
4294967294,76
4294967294,36
4294967294,39
4294967294,43
4294967294,107
4294967294,91
4294967294,90
4294967294,87
4294967294,86
4294967294,85
4294967294,84
4294967294,949
4294967294,396
4294967294,397
4294967294,408
4294967294,29
4294967294,418
4294967294,406
4294967294,178
4294967294,385
4294967294,420
4294967294,948
4294967294,191
4294967294,183
4294967294,919
4294967294,168
4294967294,398
